GEOID,n_parks
36005000200,8
36005000400,8
36005001600,9
36005001900,14
36005002000,6
36005002300,21
36005002400,3
36005002500,18
36005002701,16
36005002702,13
36005002800,8
36005003100,12
36005003300,16
36005003500,16
36005003700,17
36005003800,6
36005003900,19
36005004001,11
36005004100,19
36005004200,8
36005004300,16
36005004400,9
36005004600,6
36005004800,6
36005005001,9
36005005002,10
36005005100,15
36005005200,16
36005005300,14
36005005400,9
36005005600,11
36005005902,19
36005006000,21
36005006100,21
36005006200,10
36005006300,16
36005006400,11
36005006500,17
36005006700,27
36005006800,7
36005006900,30
36005007000,12
36005007100,34
36005007200,11
36005007300,17
36005007400,9
36005007500,32
36005007600,12
36005007700,29
36005007800,11
36005007900,21
36005008300,13
36005008400,6
36005008500,14
36005008600,5
36005008700,18
36005008900,18
36005009000,6
36005009200,12
36005009300,6
36005009600,9
36005009800,10
36005011000,1
36005011502,17
36005011700,2
36005011800,2
36005011900,25
36005012101,21
36005012102,22
36005012300,20
36005012500,28
36005012701,26
36005012901,22
36005013000,4
36005013100,30
36005013200,2
36005013300,30
36005013500,26
36005013800,3
36005014100,32
36005014300,35
36005014400,4
36005014500,26
36005014701,22
36005014702,20
36005014900,24
36005015100,23
36005015200,5
36005015300,16
36005015500,23
36005015700,19
36005015800,3
36005015900,22
36005016000,2
36005016100,22
36005016200,5
36005016300,21
36005016400,7
36005016500,29
36005016600,5
36005016700,24
36005016900,23
36005017100,30
36005017300,28
36005017500,20
36005017701,18
36005017702,17
36005017901,13
36005017902,12
36005018101,16
36005018102,15
36005018301,20
36005018302,27
36005018400,6
36005018500,36
36005018900,23
36005019300,21
36005019400,8
36005019500,17
36005019700,19
36005019900,24
36005020000,8
36005020100,23
36005020200,9
36005020400,5
36005020501,27
36005020502,27
36005020601,9
36005020900,38
36005021001,6
36005021002,7
36005021100,27
36005021200,11
36005021301,37
36005021302,33
36005021501,37
36005021502,35
36005021601,12
36005021602,13
36005021700,38
36005021800,16
36005021900,32
36005022000,11
36005022101,28
36005022102,21
36005022200,8
36005022300,35
36005022401,2
36005022403,2
36005022404,3
36005022500,32
36005022701,37
36005022702,40
36005022703,38
36005022800,3
36005022901,35
36005022902,37
36005023000,3
36005023100,34
36005023200,3
36005023301,36
36005023302,36
36005023501,22
36005023502,27
36005023600,6
36005023702,16
36005023703,19
36005023704,19
36005023800,5
36005023900,19
36005024000,11
36005024100,18
36005024300,24
36005024400,4
36005024501,19
36005024502,19
36005024600,4
36005024700,12
36005024800,3
36005024900,14
36005025000,3
36005025100,20
36005025200,2
36005025300,17
36005025400,2
36005025500,13
36005025600,4
36005025700,13
36005026100,13
36005026300,15
36005026400,6
36005026500,15
36005026601,5
36005026602,5
36005026701,14
36005026702,12
36005026900,12
36005027300,13
36005027401,5
36005027402,2
36005027600,2
36005027700,13
36005027900,11
36005028100,9
36005028300,13
36005028400,4
36005028500,12
36005028600,1
36005028700,15
36005028800,2
36005028900,11
36005029301,12
36005029302,12
36005029500,16
36005029600,2
36005029700,13
36005030000,4
36005030100,13
36005030200,2
36005030701,9
36005030900,3
36005031000,5
36005031200,4
36005031400,4
36005031600,4
36005031800,3
36005032300,5
36005032400,3
36005032600,4
36005032800,6
36005033000,6
36005033201,3
36005033202,5
36005033400,3
36005033500,7
36005033600,7
36005033700,5
36005033800,7
36005034000,8
36005034200,7
36005034300,2
36005034400,4
36005034500,5
36005034800,2
36005035000,3
36005035100,4
36005035600,4
36005035800,2
36005035900,28
36005036000,4
36005036100,26
36005036300,24
36005036400,4
36005036501,27
36005036502,29
36005036700,25
36005036800,3
36005036901,27
36005036902,25
36005037000,5
36005037100,30
36005037200,8
36005037300,28
36005037400,8
36005037504,25
36005037600,9
36005037800,7
36005037900,22
36005038000,6
36005038100,25
36005038200,1
36005038301,22
36005038302,18
36005038500,16
36005038600,1
36005038700,16
36005038800,2
36005038900,13
36005039000,6
36005039100,20
36005039200,5
36005039300,13
36005039400,4
36005039500,27
36005039600,4
36005039700,8
36005039800,3
36005039901,12
36005039902,14
36005040100,14
36005040302,10
36005040303,7
36005040304,10
36005040400,2
36005040501,10
36005040502,7
36005040600,2
36005040701,6
36005040702,6
36005040800,2
36005040900,7
36005041100,8
36005041300,9
36005041400,2
36005041500,6
36005041800,2
36005041900,10
36005042000,2
36005042100,7
36005042200,2
36005042300,9
36005042400,3
36005042500,7
36005042600,3
36005042800,1
36005042901,10
36005042902,10
36005043100,6
36005043400,2
36005043500,1
36005043600,1
36005044200,1
36005044800,1
36005044901,2
36005044902,3
36005045101,3
36005045102,4
36005045600,1
36005045800,3
36005046000,3
36005046201,4
36005046202,4
36005048400,4
36005050400,1
36005051600,4
36047000100,32
36047000200,4
36047000301,25
36047000501,29
36047000502,33
36047000700,19
36047000900,18
36047001100,13
36047001300,32
36047001500,17
36047001800,3
36047002000,4
36047002100,22
36047002200,8
36047002300,21
36047002901,13
36047003000,8
36047003100,15
36047003300,13
36047003400,4
36047003500,14
36047003600,5
36047003700,13
36047003800,4
36047003900,13
36047004100,11
36047004300,9
36047004400,3
36047004500,12
36047004600,3
36047004700,14
36047004900,15
36047005000,3
36047005100,16
36047005201,3
36047005202,4
36047005300,5
36047005400,6
36047005601,7
36047005602,6
36047005800,8
36047005900,15
36047006000,10
36047006200,6
36047006300,16
36047006400,2
36047006500,18
36047006600,3
36047006700,16
36047006800,7
36047006900,7
36047007000,7
36047007100,9
36047007200,10
36047007400,8
36047007500,8
36047007600,4
36047007700,10
36047007800,5
36047008000,3
36047008200,4
36047008400,4
36047008500,14
36047008600,4
36047008800,4
36047009000,4
36047009200,5
36047009400,6
36047009600,4
36047009800,3
36047010000,1
36047010100,1
36047010200,7
36047010400,5
36047010600,2
36047010800,6
36047011000,5
36047011200,6
36047011400,5
36047011600,2
36047011700,11
36047011800,4
36047011900,9
36047012000,4
36047012100,9
36047012200,9
36047012600,9
36047012700,12
36047012801,4
36047012901,14
36047012902,14
36047013000,9
36047013100,8
36047013200,6
36047013300,6
36047013400,6
36047013500,6
36047013600,7
36047013700,4
36047013800,8
36047013900,12
36047014000,10
36047014100,11
36047014200,10
36047014300,11
36047014500,10
36047014700,9
36047014800,2
36047014900,11
36047015000,2
36047015100,11
36047015200,9
36047015300,4
36047015400,3
36047015500,6
36047015700,9
36047015900,10
36047016000,11
36047016100,10
36047016200,8
36047016300,16
36047016400,6
36047016500,7
36047016600,9
36047016700,4
36047016800,3
36047016900,14
36047017000,3
36047017100,13
36047017200,3
36047017400,4
36047017500,1
36047017600,5
36047017700,2
36047017800,5
36047017900,14
36047018000,6
36047018100,16
36047018200,4
36047018300,14
36047018400,4
36047018501,10
36047018600,3
36047018700,11
36047018800,1
36047019000,1
36047019100,13
36047019300,18
36047019400,1
36047019500,15
36047019600,1
36047019700,16
36047019800,2
36047019900,16
36047020000,1
36047020100,18
36047020200,3
36047020300,13
36047020400,6
36047020500,16
36047020600,8
36047020700,13
36047020800,4
36047021000,3
36047021100,11
36047021200,2
36047021300,10
36047021400,2
36047021500,11
36047021600,1
36047021700,12
36047021800,3
36047021900,10
36047022000,4
36047022100,8
36047022200,4
36047022400,4
36047022600,5
36047022700,14
36047022800,4
36047022900,17
36047023000,2
36047023100,19
36047023200,2
36047023300,21
36047023400,1
36047023500,21
36047024100,23
36047024200,1
36047024300,23
36047024400,1
36047024500,19
36047024600,3
36047024700,11
36047024800,2
36047024900,18
36047025000,1
36047025100,28
36047025200,2
36047025300,26
36047025400,1
36047025500,23
36047025600,1
36047025700,24
36047025800,1
36047025901,23
36047025902,28
36047026000,1
36047026100,28
36047026200,1
36047026300,27
36047026400,3
36047026500,18
36047026600,1
36047026700,17
36047026800,2
36047026900,15
36047027000,2
36047027100,18
36047027200,3
36047027300,14
36047027400,3
36047027500,15
36047027600,2
36047027700,17
36047027800,3
36047027900,25
36047028000,4
36047028100,23
36047028200,4
36047028300,26
36047028400,3
36047028501,25
36047028502,24
36047028600,4
36047028700,18
36047028800,5
36047028900,16
36047029000,5
36047029100,15
36047029200,4
36047029300,15
36047029400,4
36047029500,19
36047029600,4
36047029700,21
36047029800,6
36047029900,25
36047030000,5
36047030100,22
36047030200,7
36047030300,23
36047030400,6
36047030500,17
36047030600,10
36047030700,24
36047030800,5
36047030900,18
36047031100,14
36047031300,10
36047031400,5
36047031500,8
36047031701,5
36047031702,6
36047031900,7
36047032100,7
36047032300,11
36047032500,11
36047032600,16
36047032700,9
36047032800,11
36047032900,7
36047033000,7
36047033100,4
36047033300,4
36047033500,4
36047033600,3
36047033700,4
36047033900,4
36047034000,9
36047034100,6
36047034200,9
36047034300,10
36047034500,13
36047034700,20
36047034800,13
36047034900,9
36047035000,13
36047035100,6
36047035200,10
36047035300,7
36047035400,12
36047035500,4
36047035601,9
36047035602,10
36047035700,13
36047035900,14
36047036001,6
36047036002,6
36047036100,24
36047036200,7
36047036300,27
36047036400,8
36047036501,23
36047036502,17
36047036600,6
36047036700,17
36047036900,21
36047037000,5
36047037100,25
36047037300,22
36047037401,5
36047037402,6
36047037500,15
36047037700,23
36047037900,26
36047038100,25
36047038200,6
36047038300,23
36047038500,17
36047038600,8
36047038700,13
36047038800,7
36047038900,20
36047039000,4
36047039100,15
36047039200,3
36047039300,14
36047039400,6
36047039500,14
36047039600,5
36047039700,14
36047039800,8
36047039900,15
36047040000,8
36047040100,14
36047040200,7
36047040300,15
36047040400,5
36047040500,13
36047040600,5
36047040700,13
36047040800,6
36047040900,6
36047041000,5
36047041100,11
36047041200,5
36047041300,11
36047041401,6
36047041402,4
36047041500,12
36047041600,7
36047041700,10
36047041800,7
36047041900,10
36047042000,6
36047042100,10
36047042200,7
36047042300,10
36047042400,6
36047042500,11
36047042600,3
36047042700,6
36047042800,2
36047042900,7
36047043000,3
36047043100,8
36047043200,4
36047043300,6
36047043400,6
36047043500,9
36047043600,6
36047043700,7
36047043800,5
36047043900,8
36047044000,5
36047044100,8
36047044200,4
36047044300,4
36047044400,4
36047044500,3
36047044600,5
36047044700,3
36047044800,3
36047044900,4
36047045000,2
36047045200,2
36047045300,5
36047045400,3
36047045600,4
36047045800,3
36047046000,5
36047046201,3
36047046202,3
36047046400,3
36047046800,2
36047047000,1
36047047200,1
36047047400,2
36047047600,4
36047047700,15
36047047800,3
36047048000,3
36047048100,9
36047048200,4
36047048400,4
36047048500,10
36047048600,4
36047048800,3
36047048900,15
36047049000,4
36047049100,18
36047049200,2
36047049300,16
36047049400,8
36047049500,18
36047049600,5
36047049700,18
36047049800,5
36047049900,13
36047050000,14
36047050100,18
36047050202,14
36047050300,26
36047050400,14
36047050500,18
36047050600,9
36047050700,20
36047050801,5
36047050803,4
36047050804,4
36047050900,21
36047051001,2
36047051002,4
36047051100,27
36047051200,5
36047051300,30
36047051400,1
36047051500,11
36047051601,4
36047051602,3
36047051700,13
36047051800,3
36047051900,28
36047052000,4
36047052300,32
36047052500,32
36047052600,4
36047052700,31
36047052800,5
36047052900,30
36047053000,5
36047053100,19
36047053200,5
36047053300,30
36047053400,3
36047053500,30
36047053700,13
36047053800,1
36047053900,18
36047054200,5
36047054300,8
36047054400,3
36047054500,20
36047054600,3
36047054700,20
36047054800,3
36047054900,22
36047055000,4
36047055100,18
36047055200,5
36047055300,24
36047055400,7
36047055500,11
36047055600,6
36047055700,7
36047055800,5
36047056000,4
36047056100,6
36047056200,4
36047056300,8
36047056400,2
36047056500,8
36047056600,3
36047056800,2
36047056900,9
36047057000,3
36047057100,6
36047057200,7
36047057300,5
36047057400,3
36047057500,7
36047057600,3
36047057800,4
36047058000,4
36047058200,5
36047058400,2
36047058600,3
36047058800,5
36047058900,3
36047059000,5
36047059100,7
36047059200,5
36047059300,4
36047059401,5
36047059402,6
36047059600,6
36047059800,7
36047060000,7
36047060600,5
36047060800,6
36047061002,3
36047061003,6
36047061004,7
36047061200,7
36047061600,3
36047062000,6
36047062200,6
36047062600,6
36047062800,3
36047063200,2
36047063600,3
36047063800,2
36047064000,4
36047064200,3
36047064400,5
36047064600,5
36047064800,5
36047065000,4
36047065200,4
36047065400,4
36047065600,6
36047065800,2
36047066000,3
36047066200,3
36047066600,3
36047067000,5
36047067200,3
36047067400,3
36047067600,4
36047067800,3
36047068000,3
36047068200,4
36047068600,4
36047068800,6
36047069000,5
36047069200,4
36047069601,4
36047069602,7
36047069800,5
36047070000,7
36047070201,3
36047070600,3
36047072000,3
36047072200,4
36047072400,4
36047072600,5
36047072800,4
36047073000,4
36047073200,3
36047073400,2
36047073600,4
36047073800,5
36047074000,4
36047074200,2
36047074400,4
36047074600,5
36047074800,4
36047075000,1
36047075200,4
36047075400,3
36047075600,5
36047075800,5
36047076000,2
36047076200,5
36047076400,4
36047076600,4
36047076800,2
36047077000,4
36047077200,4
36047077400,4
36047077600,3
36047078000,5
36047078200,3
36047078400,3
36047078600,3
36047078800,2
36047079000,2
36047079200,1
36047079400,2
36047079601,6
36047079602,5
36047079801,8
36047079802,6
36047080000,10
36047080200,8
36047080400,8
36047080600,7
36047080800,3
36047081000,6
36047081400,2
36047081600,2
36047081800,4
36047082000,4
36047082200,5
36047082400,2
36047082600,2
36047082800,1
36047083000,2
36047083200,2
36047083400,3
36047083600,3
36047083800,3
36047084000,4
36047084600,4
36047084800,3
36047085000,2
36047085200,1
36047085400,2
36047085600,1
36047085800,1
36047086000,1
36047086200,3
36047086400,3
36047086600,4
36047086800,3
36047087000,1
36047087200,2
36047087401,2
36047087600,4
36047087800,3
36047088000,5
36047088200,6
36047088400,11
36047088600,7
36047088800,4
36047089000,13
36047089200,16
36047089400,16
36047089600,17
36047089800,24
36047090000,22
36047090200,27
36047090600,21
36047090800,14
36047091000,23
36047091200,27
36047091600,19
36047091800,24
36047092000,20
36047092200,10
36047092400,28
36047092800,5
36047093000,4
36047093200,6
36047093400,5
36047093600,5
36047093800,6
36047094401,5
36047094402,6
36047094600,4
36047095000,5
36047095400,6
36047095600,5
36047095800,4
36047096000,5
36047096200,3
36047096400,2
36047096600,4
36047096800,4
36047097000,3
36047097400,7
36047098200,6
36047098400,6
36047098600,7
36047098800,7
36047099000,5
36047099200,3
36047099400,4
36047099600,2
36047099800,4
36047100400,3
36047100600,3
36047100800,2
36047101000,4
36047101200,6
36047101400,6
36047101600,4
36047101800,6
36047102000,6
36047102200,6
36047102400,4
36047102600,4
36047102800,4
36047103400,5
36047105801,4
36047105804,6
36047107000,3
36047107800,7
36047109800,7
36047110400,8
36047110600,6
36047111000,12
36047111600,9
36047111800,15
36047112000,23
36047112200,23
36047112400,27
36047112600,26
36047112800,21
36047113000,19
36047113200,20
36047113400,22
36047114201,7
36047114202,6
36047114400,16
36047114600,15
36047115000,32
36047115200,32
36047115600,26
36047115800,29
36047116000,38
36047116200,45
36047116400,40
36047116600,32
36047116800,22
36047117000,27
36047117201,16
36047117202,7
36047117400,10
36047117601,7
36047117602,6
36047117800,7
36047118000,5
36047118201,2
36047118202,3
36047118400,4
36047118600,6
36047118800,8
36047119000,10
36047119200,16
36047119400,25
36047119600,13
36047119800,19
36047120000,9
36047120200,8
36047120800,10
36047121000,13
36047121400,6
36047122000,4
36047123700,15
36047150200,13
36047152200,3
36061000201,20
36061000202,16
36061000600,26
36061000700,10
36061000800,22
36061000900,7
36061001001,17
36061001002,34
36061001200,38
36061001300,11
36061001401,29
36061001402,45
36061001501,17
36061001502,12
36061001600,24
36061001800,29
36061002000,41
36061002100,10
36061002201,51
36061002202,55
36061002400,42
36061002500,21
36061002601,54
36061002602,51
36061002700,22
36061002800,44
36061002900,21
36061003001,42
36061003002,52
36061003100,20
36061003200,58
36061003300,15
36061003400,44
36061003601,29
36061003602,36
36061003700,19
36061003800,36
36061003900,9
36061004000,24
36061004100,20
36061004200,14
36061004300,24
36061004400,28
36061004500,18
36061004700,19
36061004800,18
36061004900,26
36061005000,9
36061005200,7
36061005400,9
36061005501,28
36061005502,27
36061005600,10
36061005700,23
36061005800,6
36061005900,22
36061006000,15
36061006100,14
36061006200,7
36061006300,24
36061006400,8
36061006500,24
36061006600,9
36061006700,24
36061006800,10
36061006900,17
36061007000,9
36061007100,24
36061007200,7
36061007300,24
36061007400,8
36061007500,19
36061007600,6
36061007700,15
36061007800,10
36061007900,10
36061008000,11
36061008100,14
36061008200,5
36061008300,13
36061008400,5
36061008601,10
36061008602,13
36061008603,17
36061008700,12
36061008800,11
36061008900,11
36061009000,11
36061009100,9
36061009200,9
36061009300,7
36061009400,4
36061009500,9
36061009600,3
36061009700,6
36061009800,14
36061009900,6
36061010000,9
36061010100,8
36061010200,4
36061010300,5
36061010400,5
36061010601,12
36061010602,11
36061010800,14
36061010900,4
36061011000,12
36061011100,6
36061011201,5
36061011202,6
36061011203,8
36061011300,6
36061011401,6
36061011402,9
36061011500,8
36061011600,10
36061011700,5
36061011800,9
36061011900,8
36061012000,7
36061012100,9
36061012200,4
36061012400,4
36061012500,8
36061012600,4
36061012700,9
36061012800,3
36061012900,8
36061013000,2
36061013100,7
36061013200,4
36061013300,12
36061013400,4
36061013500,11
36061013600,5
36061013700,7
36061013800,5
36061013900,14
36061014000,2
36061014200,2
36061014300,4
36061014401,7
36061014402,11
36061014500,11
36061014601,6
36061014602,9
36061014700,12
36061014801,3
36061014802,5
36061014900,13
36061015001,3
36061015002,4
36061015100,13
36061015200,12
36061015300,16
36061015400,12
36061015500,13
36061015601,16
36061015602,19
36061015700,15
36061015801,13
36061015802,14
36061015900,13
36061016001,8
36061016002,11
36061016100,9
36061016200,17
36061016300,9
36061016400,21
36061016500,8
36061016600,21
36061016700,7
36061016800,15
36061016900,9
36061017000,23
36061017100,8
36061017200,24
36061017300,9
36061017401,19
36061017402,21
36061017500,7
36061017700,10
36061017800,22
36061017900,9
36061018000,28
36061018100,13
36061018200,33
36061018300,9
36061018400,27
36061018500,15
36061018600,24
36061018700,9
36061018800,32
36061018900,17
36061019000,31
36061019100,15
36061019200,23
36061019300,21
36061019400,35
36061019500,13
36061019600,38
36061019701,24
36061019702,22
36061019800,36
36061019900,12
36061020000,37
36061020101,24
36061020102,24
36061020300,14
36061020500,8
36061020600,38
36061020701,23
36061020800,35
36061020901,23
36061021000,30
36061021100,12
36061021200,31
36061021303,23
36061021400,23
36061021500,29
36061021600,21
36061021703,24
36061021800,21
36061021900,16
36061022000,31
36061022102,26
36061022200,34
36061022301,14
36061022302,11
36061022400,35
36061022500,11
36061022600,33
36061022700,24
36061022800,28
36061022900,17
36061023000,22
36061023100,28
36061023200,25
36061023300,19
36061023400,25
36061023501,30
36061023502,27
36061023600,24
36061023700,20
36061023801,8
36061023802,7
36061023900,26
36061024000,5
36061024100,18
36061024200,31
36061024301,18
36061024302,30
36061024500,17
36061024700,13
36061024900,14
36061025100,12
36061025300,12
36061025500,8
36061025700,26
36061025900,28
36061026100,13
36061026300,13
36061026500,9
36061026700,10
36061026900,8
36061027100,12
36061027300,10
36061027500,9
36061027700,9
36061027900,9
36061028100,7
36061028300,10
36061028500,11
36061028700,6
36061029100,10
36061029300,9
36061029500,8
36061029700,6
36061029900,11
36061030300,4
36061030700,5
36061030900,11
36061031100,14
36061031703,6
36061031704,5
36061031900,5
36081000100,10
36081000200,3
36081000400,3
36081000600,4
36081000700,10
36081000800,6
36081001000,5
36081001200,3
36081001400,2
36081001600,3
36081001800,3
36081001900,7
36081002000,4
36081002200,2
36081002400,1
36081002500,3
36081002600,2
36081002800,3
36081003000,4
36081003100,4
36081003200,5
36081003300,5
36081003400,6
36081003600,4
36081003700,6
36081003800,4
36081003900,6
36081004001,4
36081004002,3
36081004200,7
36081004300,6
36081004401,8
36081004500,9
36081004700,5
36081005000,7
36081005100,5
36081005200,7
36081005300,4
36081005400,5
36081005500,4
36081005700,4
36081005800,9
36081005900,4
36081006100,4
36081006201,12
36081006202,8
36081006300,5
36081006501,8
36081006502,6
36081006900,12
36081007100,13
36081007300,9
36081007500,4
36081007700,8
36081007900,9
36081008100,8
36081008300,15
36081008500,6
36081008600,9
36081008700,12
36081008800,11
36081009100,12
36081009400,4
36081009500,12
36081009600,3
36081009700,11
36081009800,2
36081009900,9
36081010000,2
36081010100,10
36081010200,2
36081010300,3
36081010400,1
36081010500,3
36081010701,1
36081010800,2
36081011000,2
36081011100,3
36081011200,5
36081011300,3
36081011400,2
36081011500,9
36081011600,2
36081011700,5
36081011800,2
36081011900,5
36081012000,2
36081012100,5
36081012200,3
36081012301,5
36081012400,3
36081012500,10
36081012601,1
36081012602,2
36081012800,2
36081013000,2
36081013200,3
36081013400,5
36081013500,7
36081013600,7
36081013700,3
36081013800,4
36081014000,4
36081014100,3
36081014201,5
36081014202,5
36081014300,6
36081014400,4
36081014500,5
36081014700,5
36081014800,2
36081014900,4
36081015000,3
36081015100,5
36081015200,5
36081015300,6
36081015400,2
36081015500,5
36081015600,2
36081015700,5
36081015801,3
36081015802,1
36081015900,6
36081016100,7
36081016300,6
36081016400,1
36081016600,2
36081016800,2
36081016900,9
36081017000,3
36081017100,3
36081017200,2
36081017400,5
36081017600,6
36081017800,6
36081017900,2
36081018000,6
36081018101,3
36081018102,4
36081018200,5
36081018300,6
36081018401,4
36081018402,6
36081018501,4
36081018502,5
36081018600,6
36081018700,4
36081018800,6
36081018900,1
36081019000,4
36081019200,5
36081019400,4
36081019600,4
36081019800,5
36081019900,1
36081020200,4
36081020400,8
36081020500,4
36081020600,5
36081020800,6
36081021200,6
36081021400,5
36081021600,6
36081021900,1
36081022001,6
36081022002,5
36081022900,2
36081023000,4
36081023200,5
36081023500,4
36081023600,5
36081023800,5
36081024000,4
36081024300,7
36081024500,10
36081024600,4
36081024700,11
36081024900,13
36081025100,8
36081025301,8
36081025302,8
36081025400,8
36081025500,9
36081025700,9
36081025800,11
36081025900,7
36081026000,5
36081026100,14
36081026200,5
36081026300,13
36081026400,8
36081026500,11
36081026600,6
36081026700,9
36081026901,9
36081026902,9
36081027000,6
36081027100,7
36081027200,2
36081027300,9
36081027400,2
36081027500,9
36081027600,4
36081027700,8
36081027800,4
36081027900,9
36081028000,4
36081028100,9
36081028200,4
36081028300,9
36081028400,6
36081028500,8
36081028700,10
36081028800,2
36081028900,8
36081029100,7
36081029300,5
36081029400,3
36081029500,7
36081029700,5
36081029900,5
36081030600,2
36081030902,8
36081030903,13
36081030904,15
36081031700,13
36081032000,4
36081032700,16
36081032800,4
36081032900,16
36081033000,8
36081033100,2
36081033401,6
36081033402,4
36081033700,15
36081033900,11
36081034700,14
36081035100,13
36081035200,4
36081035300,14
36081035700,5
36081035800,3
36081036100,14
36081036300,13
36081036500,12
36081036600,4
36081036700,9
36081036800,5
36081037100,6
36081037300,8
36081037500,11
36081037600,2
36081037700,10
36081037900,13
36081038100,7
36081038301,1
36081038302,2
36081038400,2
36081039400,2
36081039800,3
36081039900,8
36081040000,2
36081040100,11
36081040200,1
36081040300,13
36081040400,3
36081040500,10
36081040700,8
36081040900,9
36081041100,9
36081041300,12
36081041400,7
36081041500,13
36081042400,2
36081042600,4
36081042700,11
36081043200,3
36081043400,7
36081043701,11
36081043702,11
36081043900,12
36081044000,7
36081044301,12
36081044302,12
36081044400,5
36081044601,5
36081044602,5
36081044800,5
36081045000,4
36081045200,4
36081045400,5
36081045500,11
36081045600,6
36081045700,7
36081045800,6
36081045900,7
36081046000,4
36081046100,4
36081046200,5
36081046300,5
36081046400,4
36081046500,8
36081046600,5
36081046700,6
36081046800,5
36081046900,7
36081047000,4
36081047100,5
36081047200,2
36081047300,11
36081047500,12
36081047600,3
36081047800,4
36081047900,6
36081048000,3
36081048100,8
36081048200,2
36081048300,11
36081048400,2
36081048500,8
36081048900,8
36081049200,5
36081049301,8
36081049302,14
36081049500,13
36081049600,3
36081049700,11
36081049900,15
36081050000,3
36081050201,3
36081050202,3
36081050400,2
36081050500,12
36081050600,4
36081050700,14
36081050800,4
36081051000,2
36081051100,12
36081051200,4
36081051300,10
36081051500,8
36081051600,3
36081051700,12
36081051800,2
36081052000,2
36081052100,10
36081052200,2
36081052400,2
36081052500,3
36081052600,2
36081052800,2
36081053000,1
36081053100,7
36081053200,3
36081053401,1
36081053500,2
36081053601,3
36081053800,2
36081053900,2
36081054000,3
36081054200,1
36081054500,4
36081054700,4
36081054800,4
36081054900,4
36081055100,5
36081055200,2
36081055300,7
36081055400,3
36081055500,6
36081055600,2
36081055700,4
36081055800,3
36081055900,4
36081056000,3
36081056100,4
36081056200,5
36081056400,4
36081056500,3
36081056600,3
36081056700,4
36081056800,6
36081057700,3
36081057900,6
36081058000,5
36081058100,5
36081058200,5
36081058300,6
36081058500,6
36081058700,3
36081058900,5
36081059000,2
36081059100,3
36081059200,1
36081059300,3
36081059400,2
36081059500,3
36081059600,1
36081059800,1
36081059900,2
36081060000,3
36081060100,3
36081060300,3
36081060600,4
36081060701,4
36081060800,2
36081061000,1
36081061200,3
36081061301,2
36081061302,4
36081061400,3
36081061601,2
36081061602,2
36081061800,3
36081061900,4
36081062000,2
36081062100,3
36081062200,3
36081062300,5
36081062400,1
36081062500,5
36081062600,2
36081062700,4
36081062900,4
36081063000,1
36081063200,3
36081063301,6
36081063302,4
36081063500,5
36081063700,4
36081063800,5
36081063900,3
36081064101,3
36081064102,3
36081064500,4
36081064600,5
36081065000,6
36081065400,5
36081065501,4
36081065702,2
36081065703,3
36081065900,2
36081066000,2
36081066100,2
36081066300,2
36081066400,4
36081066501,4
36081066701,10
36081066900,13
36081067100,8
36081067700,3
36081067900,3
36081068000,5
36081068200,4
36081068300,10
36081068700,11
36081069000,5
36081069300,6
36081069400,3
36081069500,5
36081069701,5
36081069702,3
36081070300,3
36081070700,3
36081070900,5
36081071100,5
36081071303,4
36081071304,7
36081071305,5
36081071306,5
36081071701,8
36081071702,8
36081071900,9
36081072100,8
36081072300,1
36081072900,4
36081073100,2
36081073700,5
36081073900,6
36081074100,7
36081074300,8
36081074500,7
36081074700,6
36081074900,4
36081075701,6
36081075702,5
36081076901,6
36081076902,5
36081077300,5
36081077500,7
36081077902,5
36081077903,8
36081077904,5
36081077905,3
36081077906,3
36081077907,5
36081077908,3
36081078800,3
36081079000,7
36081079200,5
36081079300,3
36081079701,6
36081079702,5
36081079900,3
36081080301,3
36081080302,3
36081080900,3
36081081400,6
36081081800,4
36081083700,3
36081083800,6
36081084000,2
36081084500,4
36081084601,4
36081084602,6
36081084900,5
36081085300,8
36081085500,7
36081085700,6
36081085900,4
36081086100,5
36081086300,6
36081086400,3
36081086500,7
36081086900,7
36081087100,7
36081088400,1
36081088901,4
36081089200,1
36081090700,1
36081091800,2
36081091900,3
36081092200,2
36081092500,7
36081092800,4
36081092900,4
36081093401,7
36081093402,9
36081093800,9
36081093900,4
36081094201,4
36081094202,7
36081094203,8
36081094500,4
36081094700,6
36081095400,10
36081096400,9
36081097202,8
36081097203,6
36081097204,8
36081097300,3
36081098100,4
36081098700,3
36081099100,5
36081099200,9
36081099701,7
36081099703,3
36081099704,6
36081099705,4
36081099801,11
36081099802,8
36081099900,3
36081100801,3
36081100802,6
36081101001,9
36081101002,6
36081101700,5
36081102900,3
36081103201,5
36081103202,5
36081103300,3
36081103900,3
36081104700,3
36081105900,2
36081107201,7
36081108500,4
36081109300,4
36081109700,4
36081109900,3
36081111300,4
36081112300,3
36081112900,4
36081113300,3
36081113900,3
36081114100,2
36081114700,4
36081115100,6
36081115500,5
36081115700,6
36081115900,6
36081116100,5
36081116300,6
36081116700,5
36081117100,5
36081117500,4
36081118100,2
36081118500,5
36081118700,4
36081118900,2
36081119100,6
36081119300,3
36081119500,3
36081119900,3
36081120100,3
36081120300,2
36081120500,3
36081120700,3
36081121100,2
36081121500,4
36081122300,4
36081122701,5
36081122702,4
36081124100,2
36081124700,2
36081125700,2
36081126500,3
36081126700,4
36081127700,3
36081128300,5
36081129102,5
36081129103,4
36081129104,4
36081130100,5
36081133300,3
36081133900,2
36081134100,3
36081134700,5
36081136700,6
36081137700,4
36081138501,4
36081138502,5
36081139900,7
36081140300,5
36081140901,6
36081140902,5
36081141700,3
36081142900,2
36081143500,6
36081144100,6
36081144700,5
36081145101,3
36081145102,3
36081145900,1
36081146300,4
36081146700,3
36081147100,6
36081147900,6
36081148300,4
36081150701,8
36081150702,6
36081152901,8
36081152902,5
36081155101,2
36081155102,4
36081156700,5
36081157101,4
36081157102,3
36081157901,2
36081157902,2
36081161700,2
36081162100,3
36085000300,9
36085000600,3
36085000700,8
36085000800,5
36085000900,12
36085001100,12
36085001700,7
36085001800,3
36085002001,3
36085002002,4
36085002100,6
36085002700,3
36085002900,3
36085003300,5
36085003600,6
36085003900,2
36085004000,7
36085004700,3
36085005000,7
36085005900,1
36085006400,5
36085006700,5
36085007000,3
36085007400,3
36085007500,8
36085007700,11
36085008100,7
36085009601,2
36085009602,2
36085009700,4
36085010500,5
36085011201,3
36085011202,5
36085011401,2
36085011402,5
36085012100,5
36085012200,1
36085012500,5
36085012804,2
36085012805,2
36085012806,2
36085013201,4
36085013203,3
36085013204,4
36085013301,7
36085013302,7
36085013400,1
36085013800,2
36085014100,4
36085014604,1
36085014605,3
36085014606,2
36085014607,3
36085014608,2
36085014700,5
36085015100,3
36085015601,1
36085015602,4
36085015603,2
36085016901,7
36085017005,10
36085017007,3
36085017008,5
36085017009,8
36085017010,2
36085017011,4
36085017012,4
36085017300,7
36085017600,3
36085017700,3
36085018100,4
36085018701,4
36085018702,3
36085018901,3
36085018902,2
36085019700,3
36085019800,2
36085020100,2
36085020700,3
36085020801,1
36085020803,3
36085020804,7
36085021300,2
36085022300,3
36085022600,2
36085022800,1
36085023100,4
36085023900,4
36085024401,4
36085024402,3
36085024700,4
36085025100,3
36085027301,1
36085027302,4
36085027702,1
36085027704,3
36085027705,2
36085027706,2
36085027900,2
36085029102,4
36085029103,3
36085029104,4
36085030301,4
36085030302,3
36085031901,3
36085031902,5
36085032300,2
36085015400,0
36085024800,0
36061000500,0
36061000100,0
36047019200,0
36047057900,0
36047023600,0
36047023800,0
36047024000,0
36047070202,0
36047070203,0
36081071600,0
36081990100,0
36081010600,0
36081091601,0
36081091602,0
36081065600,0
36081157903,0
36081107202,0
36005000100,0
36005031900,0
36005043000,0
36005044400,0
